 129 133 129  39  78  63 125  85 129 135 134 139 135 131 123 101
 135 133  72  63 104  86  50  36  94 138 137 141 140 133 137 113
 132 124  45 120  59  30  30  31  41 131 143 142 140 138 131 121
 133  51 117  54  31  30  28  31  34 128 143 138 141 136 137 123
 133 103  62  27  31  36  29  31  40 136 142 139 142 138 137 121
 137 117  33  25  29  35  29  35  70 143 140 143 141 141 136 117
 133 100  31  34  30  31  36  41 118 138 142 140 140 141 134 115
 137  97  26  34  31  29  40 106 140 145 143 143 143 142 135 119
 141 112  28  30  31  41 113 136 139 140 141 141 143 141 134 117
 132 134  34  28  29  92 140 136 138 141 139 133 139 140 135 118
 131 135  47  26  31  92 137 136 138 139 135 140 139 140 133 109
 133 132  69  35  29  30  86 129 139 132 139 141 135 139 138 113
 135 136  91  33  32  26  33  66 136 137 138 138 136 139 135 114
 131 138 113  32  29  26  27  34 104 136 138 136 138 139 136 106
 133 138 131  40  24  27  30  37  67 134 136 133 137 139 137 103
 127 130 125  78  24  27  26  26  64 132 128 123 119 116 115  97
 132 137 137  44  81  61 128  89 132 140 140 137 137 137 130 110
 138 138  76  62 103  88  45  39  93 143 145 144 143 143 139 123
 140 127  43 125  59  33  31  33  40 134 144 145 142 143 139 124
 136  51 117  52  29  29  31  31  36 130 144 144 143 143 139 127
 140 105  60  33  29  28  30  31  42 139 145 145 147 144 142 126
 142 123  34  30  29  29  30  33  71 144 144 147 146 143 141 123
 141 105  31  30  28  27  31  41 124 145 145 144 147 145 142 124
 142 104  30  30  29  31  40 108 145 146 147 146 145 145 141 125
 140 118  29  28  26  40 116 143 145 146 145 146 145 145 138 120
 135 138  33  28  28  94 141 142 143 145 142 141 143 144 140 120
 135 138  46  30  30  92 139 140 142 141 142 144 144 144 142 117
 137 138  70  26  27  36  89 137 143 142 143 143 144 143 140 118
 137 140  94  28  26  28  31  71 143 143 142 143 142 142 141 116
 137 139 118  28  25  24  29  32 106 142 141 143 143 145 142 115
 136 138 135  45  26  25  27  29  68 140 141 141 142 140 140 108
 131 133 131  86  26  26  26  28  70 136 135 125 129 124 123 102
 135 139 141  42  87  68 130  93 132 144 144 144 141 139 133 109
 141 141  83  64 106  89  48  43  98 144 147 145 148 143 140 125
 142 129  46 126  63  35  34  42  45 137 149 149 149 145 141 127
 139  56 120  55  38  35  36  40  46 134 149 149 149 148 143 129
 143 110  64  36  36  34  35  36  44 143 149 150 150 146 142 128
 144 126  39  37  34  34  33  41  76 149 147 149 148 146 144 127
 143 107  38  35  31  34  36  47 127 148 151 151 150 147 143 126
 144 105  37  33  32  37  45 110 148 152 150 149 149 148 143 126
 142 123  38  34  33  47 121 148 147 150 148 149 148 149 142 125
 139 139  37  36  34  99 144 146 143 146 146 142 144 146 143 121
 136 140  51  36  33  96 145 142 145 143 143 146 145 145 144 119
 139 141  76  35  35  42  92 137 146 143 144 147 148 145 143 117
 138 142  97  34  31  31  35  76 145 147 145 146 145 148 143 117
 139 141 122  34  29  33  32  37 109 146 145 146 146 148 142 117
 138 141 137  49  31  30  32  32  71 141 143 142 141 143 142 112
 132 135 132  85  31  30  30  31  70 140 136 128 131 121 123 105

 101 113 121 123 121 117 115 119 117 118 109 113 114 106 103  97
 123 137 131 137 137 136 134 135 134 135 133 138 135 136 137 115
 131 133 138 136 138 141 141 142 141 140 140 139 139 139 139 116
 135 140 140 141 142 141 140 143 143 139 139 135 136 138 137 119
 139 141 142 138 139 143 140 143 141 133 140 141 138 136 133 123
 134 137 143 143 142 140 142 143 141 139 135 139 138 138 136 128
 135 138 131 128 136 143 138 145 140 141 139 132 137 136 134 132
 129  94  41  34  40  70 118 140 139 138 138 139 136 104  67  64
  85  36  31  31  31  35  41 106 136 136 136 129  66  34  37  26
 125  50  30  28  29  29  36  40 113 140 137  86  33  27  30  26
  63  86  30  30  36  35  31  29  41  92  92  30  26  26  27  27
  78 104  59  31  31  29  30  31  31  29  31  29  32  29  24  24
  39  63 120  54  27  25  34  34  30  28  26  35  33  32  40  78
 129  72  45 117  62  33  31  26  28  34  47  69  91 113 131 125
 133 133 124  51 103 117 100  97 112 134 135 132 136 138 138 130
 129 135 132 133 133 137 133 137 141 132 131 133 135 131 133 127
 110 123 124 127 126 123 124 125 120 120 117 118 116 115 108 102
 130 139 139 139 142 141 142 141 138 140 142 140 141 142 140 123
 137 143 143 143 144 143 145 145 145 144 144 143 142 145 140 124
 137 143 142 143 147 146 147 145 145 143 144 144 142 143 142 129
 137 144 145 144 145 147 144 146 146 141 144 143 143 143 141 125
 140 145 144 144 145 144 145 147 145 142 142 143 142 141 141 135
 140 143 134 130 139 144 145 146 146 145 141 142 143 142 140 136
 132  93  40  36  42  71 124 145 145 143 142 143 143 106  68  70
  89  39  33  31  31  33  41 108 143 142 140 137  71  32  29  28
 128  45  31  31  30  30  31  40 116 141 139  89  31  29  27  26
  61  88  33  29  28  29  27  31  40  94  92  36  28  24  25  26
  81 103  59  29  29  29  28  29  26  28  30  27  26  25  26  26
  44  62 125  52  33  30  30  30  28  28  30  26  28  28  45  86
 137  76  43 117  60  34  31  30  29  33  46  70  94 118 135 131
 137 138 127  51 105 123 105 104 118 138 138 138 140 139 138 133
 132 138 140 136 140 142 141 142 140 135 135 137 137 137 136 131
 109 125 127 129 128 127 126 126 125 121 119 117 117 117 112 105
 133 140 141 143 142 144 143 143 142 143 144 143 143 142 142 123
 139 143 145 148 146 146 147 148 149 146 145 145 148 148 143 121
 141 148 149 149 150 148 150 149 148 144 145 148 145 146 141 131
 144 145 149 149 150 149 151 149 149 142 146 147 146 146 142 128
 144 147 149 149 149 147 151 150 148 146 143 144 145 145 143 136
 144 144 137 134 143 149 148 152 150 146 143 143 147 146 141 140
 132  98  45  46  44  76 127 148 147 143 145 146 145 109  71  70
  93  43  42  40  36  41  47 110 148 146 142 137  76  37  32  31
 130  48  34  36  35  33  36  45 121 144 145  92  35  32  32  30
  68  89  35  35  34  34  34  37  47  99  96  42  31  33  30  30
  87 106  63  38  36  34  31  32  33  34  33  35  31  29  31  31
  42  64 126  55  36  37  35  33  34  36  36  35  34  34  49  85
 141  83  46 120  64  39  38  37  38  37  51  76  97 122 137 132
 139 141 129  56 110 126 107 105 123 139 140 141 142 141 141 135
 135 141 142 139 143 144 143 144 142 139 136 139 138 139 138 132

  97 115 116 119 123 128 132  64  26  26  27  24  78 125 130 127
 103 137 139 137 133 136 134  67  37  30  27  24  40 131 138 133
 106 136 139 138 136 138 136 104  34  27  26  29  32 113 138 131
 114 135 139 136 138 138 137 136  66  33  26  32  33  91 136 135
 113 138 139 135 141 139 132 139 129  86  30  29  35  69 132 133
 109 133 140 139 140 135 139 138 136 137  92  31  26  47 135 131
 118 135 140 139 133 139 141 138 136 140  92  29  28  34 134 132
 117 134 141 143 141 141 140 139 136 113  41  31  30  28 112 141
 119 135 142 143 143 143 145 140 106  40  29  31  34  26  97 137
 115 134 141 140 140 142 138 118  41  36  31  30  34  31 100 133
 117 136 141 141 143 140 143  70  35  29  35  29  25  33 117 137
 121 137 138 142 139 142 136  40  31  29  36  31  27  62 103 133
 123 137 136 141 138 143 128  34  31  28  30  31  54 117  51 133
 121 131 138 140 142 143 131  41  31  30  30  59 120  45 124 132
 113 137 133 140 141 137 138  94  36  50  86 104  63  72 133 135
 101 123 131 135 139 134 135 129  85 125  63  78  39 129 133 129
 102 123 124 129 125 135 136  70  28  26  26  26  86 131 133 131
 108 140 140 142 141 141 140  68  29  27  25  26  45 135 138 136
 115 142 145 143 143 141 142 106  32  29  24  25  28 118 139 137
 116 141 142 142 143 142 143 143  71  31  28  26  28  94 140 137
 118 140 143 144 143 143 142 143 137  89  36  27  26  70 138 137
 117 142 144 144 144 142 141 142 140 139  92  30  30  46 138 135
 120 140 144 143 141 142 145 143 142 141  94  28  28  33 138 135
 120 138 145 145 146 145 146 145 143 116  40  26  28  29 118 140
 125 141 145 145 146 147 146 145 108  40  31  29  30  30 104 142
 124 142 145 147 144 145 145 124  41  31  27  28  30  31 105 141
 123 141 143 146 147 144 144  71  33  30  29  29  30  34 123 142
 126 142 144 147 145 145 139  42  31  30  28  29  33  60 105 140
 127 139 143 143 144 144 130  36  31  31  29  29  52 117  51 136
 124 139 143 142 145 144 134  40  33  31  33  59 125  43 127 140
 123 139 143 143 144 145 143  93  39  45  88 103  62  76 138 138
 110 130 137 137 137 140 140 132  89 128  61  81  44 137 137 132
 105 123 121 131 128 136 140  70  31  30  30  31  85 132 135 132
 112 142 143 141 142 143 141  71  32  32  30  31  49 137 141 138
 117 142 148 146 146 145 146 109  37  32  33  29  34 122 141 139
 117 143 148 145 146 145 147 145  76  35  31  31  34  97 142 138
 117 143 145 148 147 144 143 146 137  92  42  35  35  76 141 139
 119 144 145 145 146 143 143 145 142 145  96  33  36  51 140 136
 121 143 146 144 142 146 146 143 146 144  99  34  36  37 139 139
 125 142 149 148 149 148 150 147 148 121  47  33  34  38 123 142
 126 143 148 149 149 150 152 148 110  45  37  32  33  37 105 144
 126 143 147 150 151 151 148 127  47  36  34  31  35  38 107 143
 127 144 146 148 149 147 149  76  41  33  34  34  37  39 126 144
 128 142 146 150 150 149 143  44  36  35  34  36  36  64 110 143
 129 143 148 149 149 149 134  46  40  36  35  38  55 120  56 139
 127 141 145 149 149 149 137  45  42  34  35  63 126  46 129 142
 125 140 143 148 145 147 144  98  43  48  89 106  64  83 141 141
 109 133 139 141 144 144 144 132  93 130  68  87  42 141 139 135

 127 133 131 135 133 131 132 141 137 133 137 133 133 132 135 129
 130 138 138 136 132 135 134 112  97 100 117 103  51 124 133 133
 125 131 113  91  69  47  34  28  26  31  33  62 117  45  72 129
  78  40  32  33  35  26  28  30  34  34  25  27  54 120  63  39
  24  24  29  32  29  31  29  31  31  30  29  31  31  59 104  78
  27  27  26  26  30  92  92  41  29  31  35  36  30  30  86  63
  26  30  27  33  86 137 140 113  40  36  29  29  28  30  50 125
  26  37  34  66 129 136 136 136 106  41  35  31  31  31  36  85
  64  67 104 136 139 138 138 139 140 118  70  40  34  41  94 129
 132 134 136 137 132 139 141 140 145 138 143 136 128 131 138 135
 128 136 138 138 139 135 139 141 143 142 140 142 143 143 137 134
 123 133 136 138 141 140 133 141 143 140 143 139 138 142 141 139
 119 137 138 136 135 139 139 143 143 140 141 142 141 140 140 135
 116 139 139 139 139 140 140 141 142 141 141 138 136 138 133 131
 115 137 136 135 138 133 135 134 135 134 136 137 137 131 137 123
  97 103 106 114 113 109 118 117 119 115 117 121 123 121 113 101
 131 136 137 137 137 135 135 140 142 141 142 140 136 140 138 132
 133 138 139 140 138 138 138 118 104 105 123 105  51 127 138 137
 131 135 118  94  70  46  33  29  30  31  34  60 117  43  76 137
  86  45  28  28  26  30  28  28  30  30  30  33  52 125  62  44
  26  26  25  26  27  30  28  26  29  28  29  29  29  59 103  81
  26  25  24  28  36  92  94  40  31  27  29  28  29  33  88  61
  26  27  29  31  89 139 141 116  40  31  30  30  31  31  45 128
  28  29  32  71 137 140 142 143 108  41  33  31  31  33  39  89
  70  68 106 143 143 142 143 145 145 124  71  42  36  40  93 132
 136 140 142 143 142 141 145 146 146 145 144 139 130 134 143 140
 135 141 141 142 143 142 142 145 147 145 144 145 144 144 145 140
 125 141 143 143 143 144 141 146 146 144 147 145 144 145 144 137
 129 142 143 142 144 144 143 145 145 147 146 147 143 142 143 137
 124 140 145 142 143 144 144 145 145 145 143 144 143 143 143 137
 123 140 142 141 140 142 140 138 141 142 141 142 139 139 139 130
 102 108 115 116 118 117 120 120 125 124 123 126 127 124 123 110
 132 138 139 138 139 136 139 142 144 143 144 143 139 142 141 135
 135 141 141 142 141 140 139 123 105 107 126 110  56 129 141 139
 132 137 122  97  76  51  37  38  37  38  39  64 120  46  83 141
  85  49  34  34  35  36  36  34  33  35  37  36  55 126  64  42
  31  31  29  31  35  33  34  33  32  31  34  36  38  63 106  87
  30  30  33  31  42  96  99  47  37  34  34  34  35  35  89  68
  30  32  32  35  92 145 144 121  45  36  33  35  36  34  48 130
  31  32  37  76 137 142 146 148 110  47  41  36  40  42  43  93
  70  71 109 145 146 145 143 147 148 127  76  44  46  45  98 132
 140 141 146 147 143 143 146 150 152 148 149 143 134 137 144 144
 136 143 145 145 144 143 146 148 150 151 147 149 149 149 147 144
 128 142 146 146 147 146 142 149 149 151 149 150 149 149 145 144
 131 141 146 145 148 145 144 148 149 150 148 150 149 149 148 141
 121 143 148 148 145 145 146 149 148 147 146 146 148 145 143 139
 123 142 142 143 143 144 143 142 143 143 144 142 143 141 140 133
 105 112 117 117 117 119 121 125 126 126 127 128 129 127 125 109

