 124 128 144 138 145 140 141 137 140 141 143 142 145 143 136 143
 141 148 148 148 150 149 149 150 148 150 149 150 148 149 149 148
 135 148 149 151 151 151 151 151 149 137 119 131 146 151 150 148
 141 149 149 151 152 151 149 148 107  60  53  54  81 146 148 148
 145 148 148 148 149 150 149 130  55  49  47  48  51 108 149 149
 147 148 149 148 149 149 146 107  46  47  47  47  48  88 147 148
 146 147 145 131 111 105 123 105  47  45  45  48  51 104 146 147
 143 134  73  49  45  45  48  63  47  45  46  50  57 139 148 146
 126  61  44  43  42  41  41  43  45  79  67  84 130 147 148 146
  85  43  41  41  40  41  41  43  46  99 141 145 148 148 149 149
  52  40  40  39  40  40  41  43  45  74 146 147 148 149 149 148
  41  40  39  41  40  40  41  45  45  70 145 147 149 148 149 147
  53  40  40  39  41  39  41  42  44  88 145 147 148 147 147 146
  86  42  42  42  40  41  42  44  48 119 145 148 148 148 148 145
 129  60  42  40  38  39  39  44  91 143 146 146 147 147 146 144
 139 127  78  47  38  41  48  88 137 144 144 145 144 145 144 141
 126 131 144 141 147 144 143 140 143 144 147 146 147 146 137 145
 143 148 150 150 151 151 150 151 151 151 149 151 150 151 151 148
 134 149 150 150 152 152 152 152 150 138 117 130 146 152 152 149
 138 150 150 151 151 152 151 149 108  57  50  54  80 148 149 149
 142 148 149 150 150 152 150 132  54  48  46  47  51 106 150 149
 146 148 149 149 149 151 148 109  48  46  46  47  48  89 148 149
 145 147 145 127 112 104 123 108  45  45  44  46  48 101 147 148
 144 135  74  46  45  44  47  60  44  45  45  47  57 139 148 148
 127  61  43  41  40  41  40  42  44  79  67  82 130 149 149 148
  84  42  40  40  39  39  41  42  44  96 144 146 149 150 150 149
  52  40  39  39  39  39  41  41  43  73 146 147 149 148 149 148
  40  40  39  38  39  40  40  41  44  67 146 148 149 150 150 148
  52  40  39  38  38  38  41  42  45  84 145 147 148 149 148 146
  90  41  40  40  40  39  41  43  47 118 147 149 148 149 148 146
 132  64  41  38  38  38  39  43  85 143 146 147 147 148 147 145
 140 128  80  48  38  39  48  87 139 145 144 146 145 146 145 142
 120 122 135 134 141 134 133 132 138 138 143 141 139 137 132 141
 135 139 141 141 143 143 142 143 142 142 142 145 144 145 144 141
 128 141 142 143 143 143 143 143 142 129 106 121 139 145 143 143
 128 142 142 143 142 142 141 139 101  53  51  49  74 140 142 144
 132 141 141 143 143 142 142 127  49  43  44  44  48 100 144 143
 136 141 141 142 141 142 138 101  43  39  42  44  47  80 142 143
 133 138 136 116 105  94 112  97  42  43  42  42  45  93 140 144
 137 125  68  42  41  40  43  53  43  43  41  43  51 129 142 142
 118  59  40  38  36  36  38  40  43  74  64  75 120 140 142 142
  79  37  39  39  36  39  37  38  40  84 136 138 141 142 143 142
  48  38  37  35  36  35  39  40  41  63 136 141 141 142 142 143
  37  37  36  38  37  37  39  37  40  57 136 141 143 142 143 142
  50  35  36  36  35  34  37  37  41  76 138 140 142 140 141 141
  88  38  38  37  38  36  39  40  43 110 140 142 141 141 142 142
 126  61  37  37  35  36  37  41  82 136 138 139 140 138 140 140
 132 123  75  43  39  37  43  80 131 137 137 139 139 138 138 137

 143 148 148 148 149 148 147 146 146 149 148 147 146 145 144 141
 136 149 150 148 149 147 146 148 148 149 149 149 147 148 146 144
 143 149 151 146 108  88 104 139 147 148 149 148 147 148 147 145
 145 148 146  81  51  48  51  57 130 148 148 149 148 148 147 144
 142 150 131  54  48  47  48  50  84 145 147 147 147 148 146 145
 143 149 119  53  47  47  45  46  67 141 146 145 145 145 146 144
 141 150 137  60  49  47  45  45  79  99  74  70  88 119 143 144
 140 148 149 107  55  46  47  47  45  46  45  45  44  48  91 137
 137 150 151 148 130 107 105  63  43  43  43  45  42  44  44  88
 141 149 151 149 149 146 123  48  41  41  41  41  41  42  39  48
 140 149 151 151 150 149 105  45  41  41  40  40  39  41  39  41
 145 150 151 152 149 149 111  45  42  40  40  40  41  40  38  38
 138 148 151 151 148 148 131  49  43  41  39  41  39  42  40  47
 144 148 149 149 148 149 145  73  44  41  40  39  40  42  42  78
 128 148 148 149 148 148 147 134  61  43  40  40  40  42  60 127
 124 141 135 141 145 147 146 143 126  85  52  41  53  86 129 139
 145 148 149 149 149 149 148 148 148 149 148 148 146 146 145 142
 137 151 152 149 150 148 147 148 149 150 149 150 148 148 147 145
 146 151 152 148 106  89 101 139 149 150 148 150 149 149 148 146
 147 150 146  80  51  48  48  57 130 149 149 149 148 148 147 145
 146 151 130  54  47  47  46  47  82 146 147 148 147 149 147 146
 147 149 117  50  46  46  44  45  67 144 146 146 145 147 146 144
 144 151 138  57  48  46  45  45  79  96  73  67  84 118 143 145
 143 151 150 108  54  48  45  44  44  44  43  44  45  47  85 139
 140 151 152 149 132 109 108  60  42  42  41  41  42  43  43  87
 143 150 152 151 150 148 123  47  40  41  41  40  41  41  39  48
 144 151 152 152 152 151 104  44  41  39  39  40  38  39  38  39
 147 151 152 151 150 149 112  45  40  39  39  39  38  40  38  38
 141 150 150 151 150 149 127  46  41  40  39  38  38  40  38  48
 144 150 150 150 149 149 145  74  43  40  39  39  39  40  41  80
 131 148 149 150 148 148 147 135  61  42  40  40  40  41  64 128
 126 143 134 138 142 146 145 144 127  84  52  40  52  90 132 140
 141 141 143 144 143 143 144 142 142 142 143 142 141 142 140 137
 132 144 143 142 144 142 140 142 142 143 142 143 141 142 140 138
 137 145 145 140 100  80  93 129 140 142 142 142 140 141 138 138
 139 144 139  74  48  47  45  51 120 141 141 143 142 141 140 139
 141 145 121  49  44  44  42  43  75 138 141 141 140 142 139 139
 143 142 106  51  44  42  42  41  64 136 136 136 138 140 138 137
 138 142 129  53  43  39  43  43  74  84  63  57  76 110 136 137
 138 142 142 101  49  43  42  43  43  40  41  40  41  43  82 131
 132 143 143 139 127 101  97  53  40  38  40  37  37  40  41  80
 133 142 143 141 142 138 112  43  38  37  39  39  37  39  37  43
 134 143 143 142 142 142  94  40  36  39  35  37  34  36  36  37
 141 143 143 142 143 141 105  41  36  36  36  37  35  38  35  39
 134 141 143 143 143 142 116  42  38  39  35  38  36  37  37  43
 135 141 142 142 141 141 136  68  40  39  37  36  36  38  37  75
 122 139 141 142 141 141 138 125  59  37  38  37  35  38  61 123
 120 135 128 128 132 136 133 137 118  79  48  37  50  88 126 132

 141 144 145 144 145 144 144 137  88  48  41  38  47  78 127 139
 144 146 147 147 146 146 143  91  44  39  39  38  40  42  60 129
 145 148 148 148 148 145 119  48  44  42  41  40  42  42  42  86
 146 147 147 148 147 145  88  44  42  41  39  41  39  40  40  53
 147 149 148 149 147 145  70  45  45  41  40  40  41  39  40  41
 148 149 149 148 147 146  74  45  43  41  40  40  39  40  40  52
 149 149 148 148 145 141  99  46  43  41  41  40  41  41  43  85
 146 148 147 130  84  67  79  45  43  41  41  42  43  44  61 126
 146 148 139  57  50  46  45  47  63  48  45  45  49  73 134 143
 147 146 104  51  48  45  45  47 105 123 105 111 131 145 147 146
 148 147  88  48  47  47  47  46 107 146 149 149 148 149 148 147
 149 149 108  51  48  47  49  55 130 149 150 149 148 148 148 145
 148 148 146  81  54  53  60 107 148 149 151 152 151 149 149 141
 148 150 151 146 131 119 137 149 151 151 151 151 151 149 148 135
 148 149 149 148 150 149 150 148 150 149 149 150 148 148 148 141
 143 136 143 145 142 143 141 140 137 141 140 145 138 144 128 124
 142 145 146 145 146 144 145 139  87  48  39  38  48  80 128 140
 145 147 148 147 147 146 143  85  43  39  38  38  38  41  64 132
 146 148 149 148 149 147 118  47  43  41  39  40  40  40  41  90
 146 148 149 148 147 145  84  45  42  41  38  38  38  39  40  52
 148 150 150 149 148 146  67  44  41  40  40  39  38  39  40  40
 148 149 148 149 147 146  73  43  41  41  39  39  39  39  40  52
 149 150 150 149 146 144  96  44  42  41  39  39  40  40  42  84
 148 149 149 130  82  67  79  44  42  40  41  40  41  43  61 127
 148 148 139  57  47  45  45  44  60  47  44  45  46  74 135 144
 148 147 101  48  46  44  45  45 108 123 104 112 127 145 147 145
 149 148  89  48  47  46  46  48 109 148 151 149 149 149 148 146
 149 150 106  51  47  46  48  54 132 150 152 150 150 149 148 142
 149 149 148  80  54  50  57 108 149 151 152 151 151 150 150 138
 149 152 152 146 130 117 138 150 152 152 152 152 150 150 149 134
 148 151 151 150 151 149 151 151 151 150 151 151 150 150 148 143
 145 137 146 147 146 147 144 143 140 143 144 147 141 144 131 126
 137 138 138 139 139 137 137 131  80  43  37  39  43  75 123 132
 140 140 138 140 139 138 136  82  41  37  36  35  37  37  61 126
 142 142 141 141 142 140 110  43  40  39  36  38  37  38  38  88
 141 141 140 142 140 138  76  41  37  37  34  35  36  36  35  50
 142 143 142 143 141 136  57  40  37  39  37  37  38  36  37  37
 143 142 142 141 141 136  63  41  40  39  35  36  35  37  38  48
 142 143 142 141 138 136  84  40  38  37  39  36  39  39  37  79
 142 142 140 120  75  64  74  43  40  38  36  36  38  40  59 118
 142 142 129  51  43  41  43  43  53  43  40  41  42  68 125 137
 144 140  93  45  42  42  43  42  97 112  94 105 116 136 138 133
 143 142  80  47  44  42  39  43 101 138 142 141 142 141 141 136
 143 144 100  48  44  44  43  49 127 142 142 143 143 141 141 132
 144 142 140  74  49  51  53 101 139 141 142 142 143 142 142 128
 143 143 145 139 121 106 129 142 143 143 143 143 143 142 141 128
 141 144 145 144 145 142 142 142 143 142 143 143 141 141 139 135
 141 132 137 139 141 143 138 138 132 133 134 141 134 135 122 120

 139 129  86  53  41  52  85 126 143 146 147 145 141 135 141 124
 127  60  42  40  40  40  43  61 134 147 148 148 149 148 148 128
  78  42  42  40  39  40  41  44  73 145 149 148 149 149 148 144
  47  40  42  39  41  39  41  43  49 131 148 148 151 151 148 138
  38  38  40  41  40  40  40  42  45 111 149 149 152 151 150 145
  41  39  41  39  40  40  41  41  45 105 149 150 151 151 149 140
  48  39  42  41  41  41  41  41  48 123 146 149 149 151 149 141
  88  44  44  42  45  43  43  43  63 105 107 130 148 151 150 137
 137  91  48  44  45  45  46  45  47  47  46  55 107 149 148 140
 144 143 119  88  70  74  99  79  45  45  47  49  60 137 150 141
 144 146 145 145 145 146 141  67  46  45  47  47  53 119 149 143
 145 146 148 147 147 147 145  84  50  48  47  48  54 131 150 142
 144 147 148 148 149 148 148 130  57  51  48  51  81 146 148 145
 145 147 148 147 148 149 148 147 139 104  88 108 146 151 149 143
 144 146 148 147 149 149 149 148 148 146 147 149 148 150 149 136
 141 144 145 146 147 148 149 146 146 147 148 149 148 148 148 143
 140 132  90  52  40  52  84 127 144 145 146 142 138 134 143 126
 128  64  41  40  40  40  42  61 135 147 148 148 150 149 148 131
  80  41  40  39  39  39  40  43  74 145 149 149 150 150 150 144
  48  38  40  38  38  39  40  41  46 127 149 150 151 150 150 141
  38  38  40  38  39  39  39  40  45 112 149 150 151 152 151 147
  39  38  39  38  40  39  39  41  44 104 151 152 152 152 151 144
  48  39  41  41  40  41  41  40  47 123 148 150 151 152 150 143
  87  43  43  42  41  41  42  42  60 108 109 132 149 152 151 140
 139  85  47  45  44  43  44  44  44  45  48  54 108 150 151 143
 145 143 118  84  67  73  96  79  45  45  46  48  57 138 151 144
 144 146 147 145 146 146 144  67  45  44  46  46  50 117 149 147
 146 147 149 147 148 147 146  82  47  46  47  47  54 130 151 146
 145 147 148 148 149 149 149 130  57  48  48  51  80 146 150 147
 146 148 149 149 150 148 150 149 139 101  89 106 148 152 151 146
 145 147 148 148 150 149 150 149 148 147 148 150 149 152 151 137
 142 145 146 146 148 148 149 148 148 148 149 149 149 149 148 145
 132 126  88  50  37  48  79 118 137 133 136 132 128 128 135 120
 123  61  38  35  37  38  37  59 125 138 141 141 142 141 139 122
  75  37  38  36  36  37  39  40  68 136 141 141 142 142 141 135
  43  37  37  36  38  35  39  38  42 116 142 143 143 143 141 134
  39  35  38  35  37  36  36  36  41 105 141 143 142 143 143 141
  37  36  36  34  37  35  39  36  40  94 142 142 142 143 143 134
  43  37  39  37  39  39  37  38  43 112 138 142 141 143 142 133
  80  41  40  37  37  40  38  40  53  97 101 127 139 143 143 132
 131  82  43  41  40  41  40  43  43  42  43  49 101 142 142 138
 137 136 110  76  57  63  84  74  43  43  39  43  53 129 142 138
 137 138 140 138 136 136 136  64  41  42  42  44  51 106 142 143
 139 139 142 140 141 141 138  75  43  42  44  44  49 121 145 141
 139 140 141 142 143 141 141 120  51  45  47  48  74 139 144 139
 138 138 141 140 142 142 142 140 129  93  80 100 140 145 145 137
 138 140 142 141 143 142 143 142 142 140 142 144 142 143 144 132
 137 140 142 141 142 143 142 142 142 144 143 143 144 143 141 141

