  89 105 108 105 105 103 105 109 106  99 101 101  94  80  76  74
 111 125 126 125 126 126 126 124 122 123 121  94  53  32  39  86
 115 129 130 129 129 128 127 126 126 117  71  36  28  26  43  83
 122 129 131 130 131 128 128 128 116  67  29  28  27  28  70  90
 121 133 133 132 130 129 128 109  51  33  30  29  35  73 116  95
 125 133 135 134 132 130 118  51  31  31  34  57 104 123 125  90
 123 134 136 134 132 123  69  35  29  39  82 119 127 127 126  94
 124 134 134 134 128  73  37  36  65 103 126 128 127 128 129  98
 123 133 135 132  99  40  39  86 124 127 129 129 129 131 129  98
 125 134 132 122  52  61  94 126 130 133 131 130 129 129 128  99
 125 135 134 104 107 128 130 130 131 134 131 130 131 129 128  99
 126 133 117  97 131 132 134 133 133 132 131 131 130 130 127  99
 122 129  94 127 133 134 135 136 134 131 134 133 131 129 127 104
 120 106 116 136 136 136 136 134 135 134 133 132 132 130 130 109
 116 102 135 138 136 136 137 135 135 134 132 132 133 131 127 114
  95 106 113 113 111 110 109 111 110 109 106 110 108 106  98  95
  73  90  90  88  88  85  87  89  88  85  88  88  84  70  71  65
  91 105 104 105 105 105 105 107 105 106 101  82  48  27  35  73
  94 107 106 107 108 109 108 108 107 101  59  26  23  23  32  73
 100 108 108 109 110 109 110 108 100  58  26  23  24  23  62  83
  99 110 109 110 110 110 110  94  44  26  24  24  30  62 101  83
 102 110 110 111 110 111 100  44  27  26  27  50  88 108 109  82
 100 111 113 112 111 105  57  27  25  33  64 105 110 111 111  84
 101 112 113 113 109  63  29  29  51  90 108 111 112 114 111  88
 101 110 112 111  80  34  33  71 107 111 111 113 113 113 111  85
 103 112 112 101  42  50  77 107 112 112 114 113 114 114 112  87
 102 111 111  85  89 109 112 112 114 114 114 114 114 114 114  86
 103 112  98  80 112 114 114 114 115 115 115 114 115 115 113  88
 102 109  81 107 114 114 115 114 115 116 114 115 116 115 113  94
 101  88  96 113 115 115 115 115 116 117 115 116 116 115 112 102
  97  83 110 114 115 115 115 115 115 116 116 115 116 116 115 101
  78  89  94  92  92  93  95  97  92  89  92  94  93  93  89  81
  79  99 101  99 100  99  99 103 102  98  97  98  97  81  77  80
  98 115 115 114 117 117 117 119 117 118 114  95  57  35  41  82
 100 117 119 118 118 120 120 118 116 111  74  36  32  33  41  87
 105 118 119 119 119 119 120 118 109  73  36  32  29  33  72  95
 107 119 119 120 119 119 119 106  54  35  33  33  37  69 113  97
 109 119 119 121 121 120 112  52  33  32  36  58 100 117 119  95
 106 120 120 120 120 116  69  37  35  43  76 113 122 123 121  95
 109 120 121 120 116  75  36  36  63 100 119 123 124 123 122 101
 109 122 122 121  91  39  39  76 114 124 123 124 125 125 124  98
 107 119 121 111  53  60  86 113 123 124 124 124 125 126 123 101
 109 119 119  96  93 116 120 123 123 125 123 126 124 125 124  99
 109 118 105  87 121 122 123 124 124 124 125 127 128 124 123 103
 110 116  86 114 123 124 124 124 124 125 125 125 125 126 126 110
 109  97 104 122 124 124 124 124 125 126 125 125 126 124 126 114
 108  86 119 122 124 123 125 125 126 126 126 127 126 123 126 111
  87  95 102 102 104 101 105 105 102 103 101 104 101 104 100  94

  74  86  83  90  95  90  94  98  98  99  99  99 104 109 114  95
  76  39  43  70 116 125 126 129 129 128 128 127 127 130 127  98
  80  32  26  28  73 123 127 128 131 129 129 130 129 130 131 106
  94  53  28  27  35 104 127 127 129 129 131 130 131 132 133 108
 101  94  36  28  29  57 119 128 129 130 130 131 133 132 132 110
 101 121  71  29  30  34  82 126 129 131 131 131 134 133 132 106
  99 123 117  67  33  31  39 103 127 133 134 132 131 134 134 109
 106 122 126 116  51  31  29  65 124 130 131 133 134 135 135 110
 109 124 126 128 109  51  35  36  86 126 130 133 136 134 135 111
 105 126 127 128 128 118  69  37  39  94 130 134 135 136 137 109
 103 126 128 128 129 130 123  73  40  61 128 132 134 136 136 110
 105 126 129 131 130 132 132 128  99  52 107 131 133 136 136 111
 105 125 129 130 132 134 134 134 132 122 104  97 127 136 138 113
 108 126 130 131 133 135 136 134 135 132 134 117  94 116 135 113
 105 125 129 129 133 133 134 134 133 134 135 133 129 106 102 106
  89 111 115 122 121 125 123 124 123 125 125 126 122 120 116  95
  65  73  73  83  83  82  84  88  85  87  86  88  94 102 101  81
  71  35  32  62 101 109 111 111 111 112 114 113 113 112 115  89
  70  27  23  23  62 108 111 114 113 114 114 115 115 115 116  93
  84  48  23  24  30  88 110 112 113 114 114 115 116 116 116  93
  88  82  26  23  24  50 105 111 113 113 114 114 115 116 115  94
  88 101  59  26  24  27  64 108 111 114 114 115 114 115 116  92
  85 106 101  58  26  26  33  90 111 112 114 115 116 117 116  89
  88 105 107 100  44  27  25  51 107 112 114 115 115 116 115  92
  89 107 108 108  94  44  27  29  71 107 112 114 114 115 115  97
  87 105 108 110 110 100  57  29  33  77 112 114 115 115 115  95
  85 105 109 109 110 111 105  63  34  50 109 114 114 115 115  93
  88 105 108 110 110 110 111 109  80  42  89 112 114 115 115  92
  88 105 107 109 110 111 112 113 111 101  85  80 107 113 114  92
  90 104 106 108 109 110 113 113 112 112 111  98  81  96 110  94
  90 105 107 108 110 110 111 112 110 112 111 112 109  88  83  89
  73  91  94 100  99 102 100 101 101 103 102 103 102 101  97  78
  80  82  87  95  97  95  95 101  98 101  99 103 110 114 111  94
  77  41  41  72 113 119 121 122 124 123 124 123 126 126 126 100
  81  35  33  33  69 117 123 123 125 126 125 124 126 124 123 104
  97  57  32  29  37 100 122 124 125 125 124 128 125 126 126 101
  98  95  36  32  33  58 113 123 124 124 126 127 125 125 127 104
  97 114  74  36  33  36  76 119 123 124 123 125 125 125 126 101
  98 118 111  73  35  32  43 100 124 124 125 124 125 126 126 103
 102 117 116 109  54  33  35  63 114 123 123 124 124 125 126 102
 103 119 118 118 106  52  37  36  76 113 123 124 124 124 125 105
  99 117 120 120 119 112  69  36  39  86 120 123 124 124 125 105
  99 117 120 119 119 120 116  75  39  60 116 122 124 124 123 101
 100 117 118 119 119 121 120 116  91  53  93 121 123 124 124 104
  99 114 118 119 120 121 120 120 121 111  96  87 114 122 122 102
 101 115 119 119 119 119 120 121 122 121 119 105  86 104 119 102
  99 115 117 118 119 119 120 120 122 119 119 118 116  97  86  95
  79  98 100 105 107 109 106 109 109 107 109 109 110 109 108  87

  95  98 106 108 110 106 109 110 111 109 110 111 113 113 106  95
 114 127 131 133 132 132 134 135 135 137 136 136 138 135 102 116
 109 130 130 132 132 133 134 135 134 136 136 136 136 116 106 120
 104 127 129 131 133 134 131 134 136 135 134 133 127  94 129 122
  99 127 130 130 131 131 132 133 133 134 132 131  97 117 133 126
  99 128 129 131 130 131 134 131 130 130 128 107 104 134 135 125
  99 128 129 129 130 131 133 130 126  94  61  52 122 132 134 125
  98 129 131 129 129 129 127 124  86  39  40  99 132 135 133 123
  98 129 128 127 128 126 103  65  36  37  73 128 134 134 134 124
  94 126 127 127 119  82  39  29  35  69 123 132 134 136 134 123
  90 125 123 104  57  34  31  31  51 118 130 132 134 135 133 125
  95 116  73  35  29  30  33  51 109 128 129 130 132 133 133 121
  90  70  28  27  28  29  67 116 128 128 128 131 130 131 129 122
  83  43  26  28  36  71 117 126 126 127 128 129 129 130 129 115
  86  39  32  53  94 121 123 122 124 126 126 126 125 126 125 111
  74  76  80  94 101 101  99 106 109 105 103 105 105 108 105  89
  81  89  93  93  94  92  89  92  97  95  93  92  92  94  89  78
 101 115 116 116 115 116 116 115 115 115 115 115 114 110  83  97
 102 112 115 116 116 115 117 116 115 115 115 115 113  96  88 101
  94 113 115 116 115 114 116 115 114 115 114 114 107  81 109 102
  88 113 115 115 114 115 115 115 114 114 114 112  80  98 112 103
  86 114 114 114 114 114 114 114 112 112 109  89  85 111 111 102
  87 112 114 114 113 114 112 112 107  77  50  42 101 112 112 103
  85 111 113 113 113 111 111 107  71  33  34  80 111 112 110 101
  88 111 114 112 111 108  90  51  29  29  63 109 113 113 112 101
  84 111 111 110 105  64  33  25  27  57 105 111 112 113 111 100
  82 109 108  88  50  27  26  27  44 100 111 110 111 110 110 102
  83 101  62  30  24  24  26  44  94 110 110 110 110 109 110  99
  83  62  23  24  23  26  58 100 108 110 109 110 109 108 108 100
  73  32  23  23  26  59 101 107 108 108 109 108 107 106 107  94
  73  35  27  48  82 101 106 105 107 105 105 105 105 104 105  91
  65  71  70  84  88  88  85  88  89  87  85  88  88  90  90  73
  94 100 104 101 104 101 103 102 105 105 101 104 102 102  95  87
 111 126 123 126 127 126 126 126 125 125 123 124 122 119  86 108
 114 126 124 126 125 125 126 125 124 124 124 124 122 104  97 109
 110 126 126 125 125 125 125 124 124 124 124 123 114  86 116 110
 103 123 124 128 127 125 124 124 124 123 122 121  87 105 118 109
  99 124 125 124 126 123 125 123 123 120 116  93  96 119 119 109
 101 123 126 125 124 124 124 123 113  86  60  53 111 121 119 107
  98 124 125 125 124 123 124 114  76  39  39  91 121 122 122 109
 101 122 123 124 123 119 100  63  36  36  75 116 120 121 120 109
  95 121 123 122 113  76  43  35  37  69 116 120 120 120 120 106
  95 119 117 100  58  36  32  33  52 112 120 121 121 119 119 109
  97 113  69  37  33  33  35  54 106 119 119 119 120 119 119 107
  95  72  33  29  32  36  73 109 118 120 119 119 119 119 118 105
  87  41  33  32  36  74 111 116 118 120 120 118 118 119 117 100
  82  41  35  57  95 114 118 117 119 117 117 117 114 115 115  98
  80  77  81  97  98  97  98 102 103  99  99 100  99 101  99  79

  95 116 120 122 126 125 125 123 124 123 125 121 122 115 111  89
 106 102 106 129 133 135 134 133 134 134 133 133 129 129 125 105
 113 135 116  94 117 134 132 135 134 136 135 133 131 130 126 108
 113 138 136 127  97 104 122 132 134 134 134 132 130 129 125 105
 111 136 136 133 131 107  52  99 128 132 132 130 131 129 126 105
 110 136 136 134 132 128  61  40  73 123 130 129 128 128 126 103
 109 137 136 135 134 130  94  39  37  69 118 128 128 127 126 105
 111 135 134 136 133 130 126  86  36  35  51 109 128 126 124 109
 110 135 135 134 133 131 130 124  65  29  31  51 116 126 122 106
 109 134 134 131 132 134 133 127 103  39  31  33  67 117 123  99
 106 132 133 134 131 131 131 129 126  82  34  30  29  71 121 101
 110 132 132 133 131 130 130 129 128 119  57  29  28  36  94 101
 108 133 132 131 130 131 129 129 127 127 104  35  27  28  53  94
 106 131 130 129 130 129 129 131 128 127 123  73  28  26  32  80
  98 127 130 127 127 128 128 129 129 126 125 116  70  43  39  76
  95 114 109 104  99  99  99  98  98  94  90  95  90  83  86  74
  78  97 101 102 103 102 103 101 101 100 102  99 100  94  91  73
  89  83  88 109 112 111 112 110 112 111 110 110 108 107 105  90
  94 110  96  81  98 111 112 112 113 113 110 109 108 106 104  90
  92 114 113 107  80  85 101 111 113 112 111 110 109 107 105  88
  92 115 115 114 112  89  42  80 109 111 110 110 110 108 105  88
  93 115 115 114 114 109  50  34  63 105 111 110 109 109 105  85
  95 115 115 115 114 112  77  33  29  57 100 110 110 108 105  87
  97 115 115 114 114 112 107  71  29  27  44  94 108 108 107  89
  92 115 116 115 115 114 112 107  51  25  27  44 100 107 105  88
  89 116 117 116 115 114 112 111  90  33  26  26  58 101 106  85
  92 116 115 114 115 114 114 111 108  64  27  24  26  59 101  88
  94 115 116 115 114 114 113 113 111 105  50  24  23  26  82  88
  93 116 116 116 115 114 114 113 112 110  88  30  24  23  48  84
  93 116 115 115 115 114 114 113 114 111 108  62  23  23  27  70
  89 115 112 113 113 114 112 111 111 111 109 101  62  32  35  71
  81 101 102  94  88  86  87  85  88  84  82  83  83  73  73  65
  87 108 109 110 109 109 107 109 109 106 109 107 105 100  98  79
  95  86  97 116 118 119 119 122 120 120 119 119 118 117 115  99
 102 119 104  86 105 119 121 122 121 120 119 119 119 119 115 101
 102 122 122 114  87  96 111 121 120 120 121 120 119 118 114  99
 104 124 124 123 121  93  53  91 116 120 121 119 119 118 117 100
 101 123 124 124 122 116  60  39  75 116 120 119 119 120 117  99
 105 125 124 124 123 120  86  39  36  69 112 119 120 120 117  99
 105 125 124 124 124 123 113  76  36  37  52 106 118 118 119 103
 102 126 125 124 124 123 123 114  63  35  33  54 109 116 117 102
 103 126 126 125 124 125 124 124 100  43  32  35  73 111 118  98
 101 126 125 125 125 123 124 123 119  76  36  33  36  74 114  97
 104 127 125 125 127 126 124 124 123 113  58  33  32  36  95  98
 101 126 126 125 128 124 125 125 124 122 100  37  29  32  57  97
 104 123 124 126 124 125 126 125 123 123 117  69  33  33  35  81
 100 126 126 126 123 124 123 124 122 121 119 113  72  41  41  77
  94 111 114 110 103  99 101  98 101  95  95  97  95  87  82  80

