 150 154 154 153 151 141 115  95  85  88 101 109 131 137 139 132
 146 156 155 148 109  72  63  63  64  66  64  59  61  93 141 130
 152 154 152  98  67  63  63  65  62  70  64  63  59  75 136 130
 147 151 111  67  66  67  67  99 126 137 119  88  63  73 136 127
 142 144  73  69  67  68 115 146 147 144 142 138 110  78 137 130
 144 126  66  68  66  88 146 144 144 142 140 139 137 135 134 127
 144 104  66  67  69 108 143 142 143 141 141 138 137 137 134 124
 139 101  66  68  68 119 144 143 141 140 139 138 138 136 133 119
 137 100  66  66  67 116 142 140 136 138 138 136 133 132 133 122
 135 104  65  67  71 105 139 136 132 135 134 133 132 132 130 122
 130 113  67  68  71  84 133 133 133 131 129 128 126 111 128 121
 128 128  73  65  73  69  99 129 129 128 127 122  89  78 127 119
 128 130 105  67  69  68  71  82  95 101  87  68  64  77 124 114
 127 128 128  92  71  69  66  66  67  66  64  64  62  73 121 116
 124 124 126 124 106  76  68  65  63  63  64  61  76 101 118 114
 112 115 117 113 111 113  98  88  83  80  90  99 103 107 106  99
 139 140 140 140 138 129 104  81  74  75  87  97 116 128 128 123
 135 143 141 137  93  57  47  45  45  45  44  45  45  77 128 121
 135 142 138  82  50  47  45  46  48  46  47  44  44  62 127 120
 132 136  97  50  47  45  49  86 114 122 102  71  44  60 125 115
 132 131  57  47  46  49 101 131 134 131 130 129  98  67 124 120
 128 109  46  45  46  69 128 131 130 129 130 128 127 122 121 116
 128  87  45  46  47  92 129 132 129 129 128 128 126 125 122 113
 125  78  45  45  48 106 129 127 126 126 126 126 123 122 122 110
 122  80  44  44  47 103 124 124 123 123 123 123 122 121 120 112
 118  87  45  45  47  88 122 123 121 121 121 120 120 119 118 109
 117  99  48  45  47  63 117 118 118 117 119 117 115 101 115 108
 113 110  56  49  47  50  78 114 116 116 116 110  73  63 113 103
 113 115  87  45  47  48  49  62  78  85  75  52  45  62 110 101
 111 112 112  75  49  47  48  46  45  46  47  44  43  62 107 102
 110 110 110 109  89  58  50  47  46  44  45  46  61  90 106  98
  99 101 101 101 100  97  88  74  64  62  75  83  91  94  92  83
 138 141 140 137 138 124  98  78  72  76  86  98 117 130 132 128
 134 141 140 132  89  53  49  49  50  48  44  47  51  79 133 125
 137 139 136  81  51  48  50  51  54  54  50  49  47  70 130 124
 136 138  97  49  49  51  51  87 120 125 106  76  51  65 129 120
 134 133  57  46  48  49 103 134 136 134 133 130 104  72 130 125
 131 110  52  50  53  74 133 136 135 135 132 131 131 130 131 124
 131  90  50  46  53  97 134 136 133 132 132 130 130 131 130 120
 131  85  50  48  54 111 132 133 131 132 132 133 130 131 131 118
 128  82  52  53  54 106 131 130 130 130 131 128 127 127 127 119
 128  92  51  53  53  97 129 130 128 129 130 129 128 126 125 119
 120 101  51  52  54  70 127 128 126 129 127 126 124 108 125 114
 117 119  59  52  51  55  88 120 124 126 125 116  80  73 121 112
 120 122  96  52  53  54  55  67  82  91  79  58  55  68 120 114
 119 121 120  80  54  55  55  53  52  52  51  48  50  69 120 117
 114 118 116 120  96  61  55  53  51  50  48  53  70  99 121 115
 103 105 110 112 111 105  96  78  70  73  80  97 102 105 105  94

 132 130 130 127 130 127 124 119 122 122 121 119 114 116 114  99
 139 141 136 136 137 134 134 133 133 130 128 127 124 121 118 106
 137  93  75  73  78 135 137 136 132 132 111  78  77  73 101 107
 131  61  59  63 110 137 137 138 133 132 126  89  64  62  76 103
 109  59  63  88 138 139 138 138 136 133 128 122  68  64  61  99
 101  64  64 119 142 140 141 139 138 134 129 127  87  64  64  90
  88  66  70 137 144 142 141 140 138 135 131 128 101  66  63  80
  85  64  62 126 147 144 143 141 136 132 133 129  95  67  63  83
  95  63  65  99 146 144 142 143 140 136 133 129  82  66  65  88
 115  63  63  67 115 146 143 144 142 139 133  99  71  66  68  98
 141  72  63  67  68  88 108 119 116 105  84  69  68  69  76 113
 151 109  67  66  67  66  69  68  67  71  71  73  69  71 106 111
 153 148  98  67  69  68  67  68  66  67  68  65  67  92 124 113
 154 155 152 111  73  66  66  66  66  65  67  73 105 128 126 117
 154 156 154 151 144 126 104 101 100 104 113 128 130 128 124 115
 150 146 152 147 142 144 144 139 137 135 130 128 128 127 124 112
 123 121 120 115 120 116 113 110 112 109 108 103 101 102  98  83
 128 128 127 125 124 121 122 122 120 118 115 113 110 107 106  92
 128  77  62  60  67 122 125 122 121 119 101  63  62  62  90  94
 116  45  44  44  98 127 126 123 122 120 115  73  45  43  61  91
  97  45  44  71 129 128 128 126 123 120 117 110  52  44  46  83
  87  44  47 102 130 130 128 126 123 121 119 116  75  47  45  75
  75  45  46 122 131 129 129 126 123 121 117 116  85  46  44  62
  74  45  48 114 134 130 129 126 123 121 118 116  78  45  46  64
  81  45  46  86 131 131 132 127 124 123 118 114  62  46  47  74
 104  47  45  49 101 128 129 129 124 122 117  78  49  48  50  88
 129  57  47  45  49  69  92 106 103  88  63  50  48  47  58  97
 138  93  50  47  46  46  47  48  47  47  47  47  47  49  89 100
 140 137  82  50  47  45  46  45  44  45  45  49  45  75 109 101
 140 141 138  97  57  46  45  45  44  45  48  56  87 112 110 101
 140 143 142 136 131 109  87  78  80  87  99 110 115 112 110 101
 139 135 135 132 132 128 128 125 122 118 117 113 113 111 110  99
 128 125 124 120 125 124 120 118 119 119 114 112 114 117 115  94
 132 133 130 129 130 131 130 131 127 125 125 121 120 120 121 105
 130  79  70  65  72 130 131 131 127 126 108  73  68  69  99 105
 117  51  47  51 104 131 130 130 127 128 124  80  55  50  70 102
  98  47  49  76 130 131 130 133 128 129 126 116  58  48  53  97
  86  44  50 106 133 132 132 132 131 130 127 125  79  51  48  80
  76  48  54 125 134 135 132 132 130 129 129 126  91  52  50  73
  72  50  54 120 136 135 133 131 130 128 126 124  82  52  51  70
  78  49  51  87 134 136 136 133 130 130 128 120  67  53  53  78
  98  49  50  51 103 133 134 132 131 129 127  88  55  55  55  96
 124  53  48  51  49  74  97 111 106  97  70  55  54  55  61 105
 138  89  51  49  48  53  53  54  54  53  54  51  53  54  96 111
 137 132  81  49  46  50  46  48  53  53  52  52  52  80 120 112
 140 140 136  97  57  52  50  50  52  51  51  59  96 120 116 110
 141 141 139 138 133 110  90  85  82  92 101 119 122 121 118 105
 138 134 137 136 134 131 131 131 128 128 120 117 120 119 114 103

  99 106 107 103  99  90  80  83  88  98 113 111 113 117 115 112
 114 118 101  76  61  64  63  63  65  68  76 106 124 126 124 124
 116 121  73  62  64  64  66  67  66  66  69  71  92 128 128 127
 114 124  77  64  68  87 101  95  82  71  68  69  67 105 130 128
 119 127  78  89 122 127 128 129 129  99  69  73  65  73 128 128
 121 128 111 126 128 129 131 133 133 133  84  71  68  67 113 130
 122 130 132 132 133 134 135 132 136 139 105  71  67  65 104 135
 122 133 132 133 136 138 138 136 140 142 116  67  66  66 100 137
 119 133 136 138 138 139 140 141 143 144 119  68  68  66 101 139
 124 134 137 137 138 141 141 143 142 143 108  69  67  66 104 144
 127 134 135 137 139 140 142 144 144 146  88  66  68  66 126 144
 130 137  78 110 138 142 144 147 146 115  68  67  69  73 144 142
 127 136  73  63  88 119 137 126  99  67  67  66  67 111 151 147
 130 136  75  59  63  64  70  62  65  63  63  67  98 152 154 152
 130 141  93  61  59  64  66  64  63  63  72 109 148 155 156 146
 132 139 137 131 109 101  88  85  95 115 141 151 153 154 154 150
  83  92  94  91  83  75  62  64  74  88  97 100 101 101 101  99
  98 106  90  61  46  45  44  46  47  50  58  89 109 110 110 110
 102 107  62  43  44  47  46  45  46  48  47  49  75 112 112 111
 101 110  62  45  52  75  85  78  62  49  48  47  45  87 115 113
 103 113  63  73 110 116 116 116 114  78  50  47  49  56 110 113
 108 115 101 115 117 119 117 118 118 117  63  47  45  48  99 117
 109 118 119 120 120 121 121 121 123 122  88  47  45  45  87 118
 112 120 121 122 123 123 123 123 124 124 103  47  44  44  80 122
 110 122 122 123 126 126 126 126 127 129 106  48  45  45  78 125
 113 122 125 126 128 128 129 129 132 129  92  47  46  45  87 128
 116 121 122 127 128 130 129 130 131 128  69  46  45  46 109 128
 120 124  67  98 129 130 131 134 131 101  49  46  47  57 131 132
 115 125  60  44  71 102 122 114  86  49  45  47  50  97 136 132
 120 127  62  44  44  47  46  48  46  45  47  50  82 138 142 135
 121 128  77  45  45  44  45  45  45  47  57  93 137 141 143 135
 123 128 128 116  97  87  75  74  81 104 129 138 140 140 140 139
  94 105 105 102  97  80  73  70  78  96 105 111 112 110 105 103
 115 121  99  70  53  48  50  51  53  55  61  96 120 116 118 114
 117 120  69  50  48  51  52  52  53  55  55  54  80 120 121 119
 114 120  68  55  58  79  91  82  67  55  54  53  52  96 122 120
 112 121  73  80 116 125 126 124 120  88  55  51  52  59 119 117
 114 125 108 124 126 127 129 126 128 127  70  54  52  51 101 120
 119 125 126 128 129 130 129 128 130 129  97  53  53  51  92 128
 119 127 127 127 128 131 130 130 130 131 106  54  53  52  82 128
 118 131 131 130 133 132 132 131 133 132 111  54  48  50  85 131
 120 130 131 130 130 132 132 133 136 134  97  53  46  50  90 131
 124 131 130 131 131 132 135 135 136 133  74  53  50  52 110 131
 125 130  72 104 130 133 134 136 134 103  49  48  46  57 133 134
 120 129  65  51  76 106 125 120  87  51  51  49  49  97 138 136
 124 130  70  47  49  50  54  54  51  50  48  51  81 136 139 137
 125 133  79  51  47  44  48  50  49  49  53  89 132 140 141 134
 128 132 130 117  98  86  76  72  78  98 124 138 137 140 141 138

 112 124 127 128 128 130 135 137 139 144 144 142 147 152 146 150
 115 124 128 130 128 113 104 100 101 104 126 144 151 154 156 154
 117 126 128 105  73  67  65  66  66  66  66  73 111 152 155 154
 113 124  92  67  65  68  67  66  68  67  68  69  67  98 148 153
 111 106  71  69  73  71  71  67  68  69  66  67  66  67 109 151
 113  76  69  68  69  84 105 116 119 108  88  68  67  63  72 141
  98  68  66  71  99 133 139 142 144 143 146 115  67  63  63 115
  88  65  66  82 129 133 136 140 143 142 144 146  99  65  63  95
  83  63  67  95 129 133 132 136 141 143 144 147 126  62  64  85
  80  63  66 101 128 131 135 138 140 141 142 144 137  70  66  88
  90  64  64  87 127 129 134 138 139 141 140 142 119  64  64 101
  99  61  64  68 122 128 133 136 138 138 139 138  88  63  59 109
 103  76  62  64  89 126 132 133 138 137 137 110  63  59  61 131
 107 101  73  77  78 111 132 132 136 137 135  78  73  75  93 137
 106 118 121 124 127 128 130 133 133 134 134 137 136 136 141 139
  99 114 116 114 119 121 122 122 119 124 127 130 127 130 130 132
  99 110 111 113 113 117 118 122 125 128 128 132 132 135 135 139
 101 110 112 115 110  99  87  80  78  87 109 131 136 142 143 140
 101 110 112  87  56  48  45  44  45  45  46  57  97 138 141 140
 101 109  75  45  49  45  45  44  45  46  45  47  50  82 137 140
 100  89  49  47  47  47  47  47  48  47  46  46  47  50  93 138
  97  58  47  48  50  63  88 103 106  92  69  49  45  47  57 129
  88  50  48  49  78 117 122 124 129 129 128 101  49  45  47 104
  74  47  46  62 114 118 123 124 127 132 131 131  86  46  45  81
  64  46  45  78 116 118 121 123 126 129 130 134 114  48  45  74
  62  44  46  85 116 117 121 123 126 129 129 131 122  46  45  75
  75  45  47  75 116 119 121 123 126 128 130 130 102  47  44  87
  83  46  44  52 110 117 120 123 126 128 128 129  71  44  45  97
  91  61  43  45  73 115 120 122 123 126 127  98  44  44  45 116
  94  90  62  62  63 101 119 121 122 125 122  67  60  62  77 128
  92 106 107 110 113 115 118 120 122 122 121 124 125 127 128 128
  83  98 102 101 103 108 109 112 110 113 116 120 115 120 121 123
 103 114 119 120 117 120 128 128 131 131 131 134 136 137 134 138
 105 118 121 122 119 101  92  82  85  90 110 133 138 139 141 141
 110 116 120  96  59  51  51  52  50  50  52  57  97 136 140 140
 112 120  80  52  52  52  53  53  48  46  50  46  49  81 132 137
 111  96  54  53  51  54  53  54  54  53  53  48  49  51  89 138
 105  61  55  54  55  70  97 106 111  97  74  49  51  48  53 124
  96  55  55  55  88 127 129 131 132 134 133 103  51  50  49  98
  78  53  53  67 120 128 130 130 133 136 136 134  87  51  49  78
  70  51  52  82 124 126 128 130 131 133 135 136 120  54  50  72
  73  50  52  91 126 129 129 130 132 132 135 134 125  54  48  76
  80  48  51  79 125 127 130 131 132 132 132 133 106  50  44  86
  97  53  48  58 116 126 129 128 133 130 131 130  76  49  47  98
 102  70  50  55  80 124 128 127 130 130 131 104  51  47  51 117
 105  99  69  68  73 108 126 127 131 131 130  72  65  70  79 130
 105 121 120 120 121 125 125 127 131 130 131 130 129 130 133 132
  94 115 117 114 112 114 119 119 118 120 124 125 120 124 125 128

